resnam,resnum,wcnSC,wcnCA
ILE,1,0.894136327037,0.867041556011
VAL,2,0.784969274006,0.960162897441
PRO,3,1.00634754053,1.15756320508
THR,4,1.18140407987,1.19506398322
ARG,5,0.903569664431,1.09152065124
GLU,6,1.00068317333,1.10295661083
LEU,7,1.18611708499,1.248756364
GLU,8,0.980656667204,1.18508646219
ASN,9,1.01847217049,1.22852791648
VAL,10,1.29860608179,1.41290192532
PHE,11,1.3137959001,1.41941870005
LEU,12,1.10464226328,1.3559228556
GLY,13,1.300747069,1.50159288469
ARG,14,1.41251143865,1.51799623913
CYS,15,1.38509178397,1.46099448869
LYS,16,1.1839799903,1.39102573879
ASP,17,1.42391927567,1.48027980832
TYR,18,1.3419124433,1.45510126482
GLU,19,1.09804409576,1.30537406394
ILE,20,1.17179751075,1.24588226632
THR,21,1.31533035994,1.30013665475
ARG,22,1.36360698302,1.34742922824
TYR,23,1.34633963106,1.30809992517
LEU,24,1.03216503352,1.16614668761
ASP,25,0.827234177269,1.0320994515
ILE,26,1.13782236961,1.18245870694
LEU,27,1.28389800482,1.23873934472
PRO,28,0.988553756817,1.09736408029
ARG,29,1.04764534662,1.11039201521
VAL,30,1.1351519462,1.13483769618
ARG,31,0.650448803399,0.928186089197
SER,32,0.981362221532,1.01064234218
ASP,33,0.939208001243,1.04244003483
CYS,34,1.27313543192,1.20981593389
SER,35,0.912744372082,1.05551887158
ALA,36,0.953773357462,1.04323672272
LEU,37,1.23476096406,1.25188183413
TRP,38,1.12072515895,1.23629575327
LYS,39,0.754779616587,1.06250724353
ASP,40,0.966683007185,1.15398011809
PHE,41,1.28781183387,1.27785633998
PHE,42,1.00751730483,1.17059037936
LYS,43,0.72723961073,1.04050368049
ALA,44,1.10108751376,1.16515207146
PHE,45,1.16516391117,1.18504242397
SER,46,0.97961567589,1.13856417328
PHE,47,0.774669669175,1.00254554393
LYS,48,0.844730082285,1.00560708461
ASN,49,0.80719362479,0.968836546952
PRO,50,1.01335681735,1.09829391538
CYS,51,0.937597373588,0.994844063786
ASP,52,0.720904678925,0.926380219742
LEU,53,1.09047883124,1.11634738789
ASP,54,0.838094755406,1.09890223091
LEU,55,1.01514956426,1.12552162149
GLY,56,0.938791465842,1.02029620283
SER,57,1.06954808308,1.12371580937
TYR,58,1.25816885157,1.25903962819
LYS,59,0.815754739257,1.13926331091
ASP,60,0.790748708873,1.0563878799
PHE,61,1.28698919706,1.27184030453
PHE,62,1.32831304815,1.31857722821
THR,63,0.868939307227,1.11258064336
SER,64,1.02610513667,1.12828115986
ALA,65,1.31910674128,1.30210647385
GLN,66,1.22447412832,1.260318048
GLN,67,1.26850438446,1.21935409662
GLN,68,0.797344165154,1.09978333342
LEU,69,1.26702949883,1.23653533733
PRO,70,1.10059862037,1.13733351337
LYS,71,0.873620253677,1.09273053718
ASN,72,0.945526113975,1.19944437213
LYS,73,1.09552166764,1.31405282571
VAL,74,1.34277790332,1.44917490055
MET,75,1.39430534344,1.49623107208
PHE,76,1.37940523484,1.4575343306
TRP,77,1.31269054844,1.44480863447
SER,78,1.26794130795,1.3305312447
GLY,79,1.17360769685,1.21123212112
VAL,80,1.35012609183,1.32465307977
TYR,81,1.27058572148,1.30377995972
ASP,82,1.12213584678,1.28565925035
GLU,83,1.25649504094,1.38138975531
ALA,84,1.41831249592,1.47093946707
HIS,85,1.42050612872,1.46101395449
ASP,86,1.28315073581,1.42390371519
TYR,87,1.31663384508,1.42461661749
ALA,88,1.38611368847,1.4897035856
ASN,89,1.28082987882,1.40983436376
THR,90,1.30285757988,1.37633497587
GLY,91,1.33658037654,1.41274791541
ARG,92,1.19864647021,1.2411641517
LYS,93,1.17580840543,1.26242071642
TYR,94,1.25355037611,1.42795654842
ILE,95,1.35655964832,1.48391173152
THR,96,1.47169311186,1.50482241505
LEU,97,1.45077560417,1.48310141108
GLU,98,1.41838471915,1.49198047847
ASP,99,1.44424856652,1.48445660484
THR,100,1.43025794054,1.48147687657
LEU,101,1.38868893072,1.45205168825
PRO,102,1.44497783662,1.45582598195
GLY,103,1.44605018083,1.52684417659
TYR,104,1.37813652956,1.50811369826
MET,105,1.41697346426,1.48276256135
LEU,106,1.37431141386,1.40505401586
ASN,107,1.31858085508,1.3664008948
SER,108,1.17365514462,1.21122103761
LEU,109,1.31190021191,1.27469144541
VAL,110,1.06672344191,1.21277208711
TRP,111,1.23330758933,1.21761194566
CYS,112,1.15040820604,1.18339235321
GLY,113,1.05189244685,1.22886072894
GLN,114,0.836852039476,1.05341489121
ARG,115,0.587491457816,0.861445260575
ALA,116,0.599822224474,0.746447207897
ASN,117,0.56290035668,0.784806578296
PRO,118,0.755628767757,0.841958463405
GLY,119,0.938219982882,1.04591337722
PHE,120,1.00000917696,1.13427680653
ASN,121,0.853359072855,1.02248630568
GLU,122,0.938394073553,1.0250203427
LYS,123,0.629040510767,0.89541022736
VAL,124,0.726817997831,0.927633373675
CYS,125,1.12075010884,1.00910289765
PRO,126,0.869404841444,0.881683484366
ASP,127,0.777806348229,0.885943643406
PHE,128,1.00601314275,0.997442192473
LYS,129,0.683161301769,0.854830114758
THR,130,0.719828923074,0.794634820447
CYS,131,1.01548763718,0.944430330214
PRO,132,0.819199860315,0.880467522208
VAL,133,0.837015100189,0.961038932381
GLN,134,0.808296252886,1.0579678298
ALA,135,1.01878718791,1.20650194161
ARG,136,0.861435851823,1.1527858798
GLU,137,1.05520115794,1.23346048735
SER,138,1.15624468328,1.32196753675
PHE,139,1.34712633675,1.32869298753
TRP,140,1.2885219449,1.34810124214
GLY,141,1.28715639914,1.34851802776
MET,142,1.17141757717,1.3497044587
ALA,143,1.40786288332,1.43446527485
SER,144,1.3651793118,1.4476291948
SER,145,1.1848703551,1.36251479994
SER,146,1.21912926314,1.32162283102
TYR,147,1.4123484101,1.42216431853
ALA,148,1.27741718042,1.41925683018
HIS,149,0.905053469344,1.24478594378
SER,150,1.14719711525,1.22693957622
ALA,151,1.25461907759,1.30685116106
GLU,152,0.893294909469,1.19479939334
GLY,153,1.04005023405,1.14145143431
GLU,154,0.959700621745,1.22853214275
VAL,155,1.25834583755,1.37743862051
THR,156,1.25876874741,1.42142798608
TYR,157,1.35545953871,1.45949514703
MET,158,1.40325759551,1.47108822621
VAL,159,1.33014332041,1.42409383146
ASP,160,1.19903578771,1.33626593641
GLY,161,1.20952572443,1.29084565901
SER,162,1.08689715837,1.1520538607
ASN,163,0.955503272195,1.03029154469
PRO,164,0.75817193258,0.850966126907
LYS,165,0.602624941712,0.793710090984
VAL,166,0.947909102232,0.95785638038
PRO,167,0.907832542013,1.05644249181
ALA,168,1.27533723143,1.24457785618
TYR,169,1.10609635087,1.20022924493
ARG,170,1.01986694845,1.06975844996
PRO,171,0.848093783137,1.01390078137
ASP,172,0.872029998612,0.975824021196
SER,173,1.17029294821,1.16066396433
PHE,174,1.18478185965,1.2733865703
PHE,175,1.33161481958,1.34933313749
GLY,176,1.12823974607,1.23743088887
LYS,177,0.957297688221,1.13428266964
TYR,178,1.18729715679,1.29158685051
GLU,179,1.36142616318,1.39320252153
LEU,180,1.14081169502,1.24358372361
PRO,181,0.977300101561,1.06486635776
ASN,182,1.02296632262,1.16622771978
LEU,183,1.19543559512,1.20458674286
THR,184,0.882100442688,1.01351945134
ASN,185,0.643038816528,0.872840058318
LYS,186,0.725748478179,0.952942418966
VAL,187,1.11057810861,1.17776893996
THR,188,0.852691994371,1.03872190717
ARG,189,0.921279325324,1.17939532174
VAL,190,1.18464865081,1.28105141607
LYS,191,1.06956932313,1.27946758196
VAL,192,1.25189121957,1.35316801377
ILE,193,1.28317742433,1.37036817824
VAL,194,1.24077607584,1.37294907258
LEU,195,1.31960094055,1.35672335242
HIS,196,1.09924766998,1.22091448949
ARG,197,1.11450665796,1.14671071255
LEU,198,1.15114317392,1.07570719518
GLY,199,0.823406661853,0.891004227921
GLU,200,0.887371329742,0.907851704043
LYS,201,0.610196598605,0.833174082937
ILE,202,0.86426524701,0.952469881251
ILE,203,0.856672812327,0.979733321868
GLU,204,1.0881487595,1.08123365914
LYS,205,0.76959702608,1.01501119847
CYS,206,1.10947514244,1.03899602698
GLY,207,0.854337295519,0.897882884926
ALA,208,0.812162258444,0.895634869215
GLY,209,0.83683997653,0.892469128408
SER,210,1.0703228987,1.05779974626
LEU,211,1.19507698322,1.1810760943
LEU,212,0.762102319782,1.02940725677
ASP,213,0.760723979399,0.97912730758
LEU,214,1.17090125655,1.14692813899
GLU,215,0.864825881524,1.08649311195
LYS,216,0.65292418136,0.92562487051
LEU,217,0.892255405055,0.993800644403
VAL,218,1.06313224059,1.11898605576
LYS,219,0.717738510785,0.96827281199
ALA,220,0.650348763224,0.824673365823
LYS,221,0.86419804957,0.900251288173
HIS,222,0.537511228096,0.849722204674
PHE,223,0.948297982469,1.05064276664
ALA,224,0.830033511654,0.979735822934
PHE,225,1.05556842456,1.06599143959
ASP,226,0.956028267458,1.03744701553
CYS,227,1.18938310428,1.14144549429
VAL,228,1.02134786772,1.11063170479
GLU,229,0.975612479748,1.15876886897
ASN,230,1.13338875723,1.22593137629
PRO,231,1.14655686175,1.15019891394
ARG,232,0.922353999132,1.17218335378
ALA,233,1.19417101354,1.32424797116
VAL,234,1.31202515687,1.37792366902
LEU,235,1.11014314791,1.3384762241
PHE,236,1.19449548236,1.42265115806
LEU,237,1.31923540619,1.44248387398
LEU,238,1.24673474519,1.34714235537
CYS,239,1.29688627283,1.35764234898
SER,240,1.29447046035,1.39698577893
ASP,241,1.15752911821,1.20335445846
ASN,242,0.984112997112,1.12504853213
PRO,243,1.03301750471,1.15644726445
ASN,244,0.768563491477,0.934167667692
ALA,245,1.04158217978,0.994342365231
ARG,246,0.667539971017,0.867516279997
GLU,247,0.95003951159,0.970037068207
CYS,248,1.19188232808,1.10596028343
ARG,249,0.638743991269,0.942356608138
LEU,250,0.931354725469,0.971641632099
ALA,251,0.65781087717,0.782079470418
ILE,252,0.886243037855,0.882679823384
VAL,253,0.832156781882,0.969978607087
PRO,254,0.990897480711,1.15495928979
THR,255,1.1721679258,1.18825722374
ARG,256,0.880602204547,1.0803807424
GLU,257,0.99540308444,1.09649516895
LEU,258,1.17479229079,1.24421840235
GLU,259,0.985822164878,1.18379133919
ASN,260,1.0177863633,1.22178076721
VAL,261,1.2919627365,1.40963739686
PHE,262,1.30923027642,1.41275716866
LEU,263,1.11346290733,1.3572494622
GLY,264,1.30015797223,1.49956416752
ARG,265,1.41289709829,1.52012777709
CYS,266,1.38219130766,1.46215988192
LYS,267,1.18343696804,1.39195664532
ASP,268,1.42182465972,1.48185420068
TYR,269,1.3483682019,1.45761804928
GLU,270,1.09608917196,1.31004485003
ILE,271,1.17426318928,1.24435758513
THR,272,1.31420746462,1.29712313507
ARG,273,1.35820589914,1.34508884217
TYR,274,1.34289007856,1.30195510026
LEU,275,1.02210104188,1.16114596441
ASP,276,0.836449841796,1.03132009984
ILE,277,1.15280534429,1.16032236098
LEU,278,1.29407365094,1.23774630015
PRO,279,0.992147217334,1.10040838123
ARG,280,1.05297084114,1.12472052848
VAL,281,1.1077245788,1.13262836928
ARG,282,0.64030101952,0.939961671582
SER,283,1.03388534983,1.02139615168
ASP,284,0.910455528401,1.04087768397
CYS,285,1.26804580194,1.20899887228
SER,286,0.892865419406,1.05375037105
ALA,287,0.965282793465,1.04489936298
LEU,288,1.24999296106,1.25799656113
TRP,289,1.1195682724,1.23868136827
LYS,290,0.756473495535,1.07249692906
ASP,291,0.992528068731,1.17930434226
PHE,292,1.29357273066,1.29143501322
PHE,293,1.01589107903,1.18309363861
LYS,294,0.83991972615,1.05836024108
ALA,295,1.1430626909,1.17710339209
PHE,296,1.16179846367,1.18480061335
SER,297,0.973066907933,1.13765267999
PHE,298,0.77533624767,1.01169312803
LYS,299,0.838120418956,0.991537421932
ASN,300,0.68490100151,0.954987091511
PRO,301,0.926027931639,1.0854017462
CYS,302,0.962295325381,1.02183391458
ASP,303,0.747669031839,0.951586937286
LEU,304,1.11446801142,1.0975717851
ASP,305,0.832556989372,1.08520441459
LEU,306,1.00735080664,1.11919071758
GLY,307,0.93124760326,1.01663492089
SER,308,1.07720980409,1.12863759037
TYR,309,1.27994415773,1.26403329356
LYS,310,0.781163554842,1.12445489376
ASP,311,0.844635341127,1.07145820648
PHE,312,1.31316089862,1.29940847197
PHE,313,1.33261144791,1.31980053464
THR,314,0.874666339007,1.11743286856
SER,315,1.09310707355,1.13521095219
ALA,316,1.34378786861,1.30965979148
GLN,317,1.23152568141,1.2580824126
GLN,318,1.27960965517,1.22161775905
GLN,319,0.7964691291,1.0998289189
LEU,320,1.27529100166,1.24447191521
PRO,321,1.14289414525,1.15833442225
LYS,322,0.835443567296,1.11364083313
ASN,323,0.937562960127,1.19598342654
LYS,324,1.08284505172,1.32576290712
VAL,325,1.34155113963,1.45464049507
MET,326,1.40118542406,1.50761358846
PHE,327,1.37991654128,1.4725002063
TRP,328,1.33055259903,1.45783683799
SER,329,1.28608807356,1.34669665774
GLY,330,1.175783092,1.21657861592
VAL,331,1.34753206351,1.32799700012
TYR,332,1.27512292517,1.30366169666
ASP,333,1.13924738179,1.29234760108
GLU,334,1.25103444211,1.38936291636
ALA,335,1.423140433,1.48478412167
HIS,336,1.43533984189,1.47247958197
ASP,337,1.27600959509,1.43228200312
TYR,338,1.30379690473,1.44103658804
ALA,339,1.39804057842,1.49856484186
ASN,340,1.29772963772,1.42020990395
THR,341,1.32643796984,1.39235608058
GLY,342,1.34019995829,1.41801181477
ARG,343,1.21735077038,1.2564582991
LYS,344,1.18924339915,1.25182387508
TYR,345,1.23609987298,1.4419925704
ILE,346,1.38158106961,1.49521487113
THR,347,1.4816744529,1.51416981485
LEU,348,1.4592134391,1.48602865349
GLU,349,1.42906343327,1.4995916146
ASP,350,1.45201414413,1.48726156398
THR,351,1.43556464064,1.48138996554
LEU,352,1.38440836021,1.45516023931
PRO,353,1.45588741707,1.4597887579
GLY,354,1.44747429673,1.52930887697
TYR,355,1.38243588047,1.50510474429
MET,356,1.41596596742,1.48441669776
LEU,357,1.37713961934,1.40453338769
ASN,358,1.32126391461,1.36191847957
SER,359,1.1813365191,1.21557374069
LEU,360,1.31131747261,1.279214761
VAL,361,1.07902386838,1.21877073888
TRP,362,1.23797278227,1.22239670765
CYS,363,1.16977497154,1.20620334704
GLY,364,1.04549972159,1.24379085764
GLN,365,0.84877201367,1.06797778689
ARG,366,0.564902036275,0.888460169458
ALA,367,0.608995539937,0.744386962111
ASN,368,0.600486794921,0.779274522293
PRO,369,0.805236842638,0.848857110467
GLY,370,0.943246440819,1.06103682251
PHE,371,0.991203422451,1.14641575114
ASN,372,0.908483000398,1.04128508221
GLU,373,0.81359502152,0.965180248914
LYS,374,0.665072526872,0.863543050859
VAL,375,0.762732982583,0.938413392103
CYS,376,1.15213030472,1.05526195444
PRO,377,1.00225286358,0.965713956449
ASP,378,0.703157232311,0.905710767575
PHE,379,1.03270289987,1.03893347421
LYS,380,0.771186300472,0.860322004832
THR,381,0.751673234346,0.826083886478
CYS,382,1.05306078465,0.974042685887
PRO,383,0.788116749893,0.884000140987
VAL,384,0.838240695324,0.961211302874
GLN,385,0.788663968994,1.04290307669
ALA,386,1.01941376822,1.19545040323
ARG,387,0.894213929517,1.15977300552
GLU,388,1.07298765134,1.23008262553
SER,389,1.17052086982,1.31846049806
PHE,390,1.35510974763,1.33060705046
TRP,391,1.2967403491,1.35210413505
GLY,392,1.29620614247,1.34960083938
MET,393,1.1564458691,1.35073585823
ALA,394,1.41699725771,1.4346405353
SER,395,1.37088436198,1.45065066929
SER,396,1.18545591353,1.36075460225
SER,397,1.21171853745,1.31936321903
TYR,398,1.4127592985,1.42427048147
ALA,399,1.26787312679,1.41469864614
HIS,400,0.898349400357,1.23223870221
SER,401,1.14489472949,1.21973246952
ALA,402,1.27231395424,1.31626751372
GLU,403,0.913386093751,1.20461041422
GLY,404,1.0251816709,1.14116188742
GLU,405,0.963822999827,1.22907551228
VAL,406,1.26066002723,1.38356472249
THR,407,1.25698095262,1.42618735344
TYR,408,1.36733816479,1.46704953532
MET,409,1.40051541934,1.48195219435
VAL,410,1.33759839367,1.43628530803
ASP,411,1.20710346377,1.34428031124
GLY,412,1.22050004842,1.30237358188
SER,413,1.09212459683,1.15931283115
ASN,414,0.956407310479,1.04085291996
PRO,415,0.77548924127,0.85773775567
LYS,416,0.625126980405,0.799104906098
VAL,417,0.947565088078,0.963933395252
PRO,418,0.922218247227,1.06742806198
ALA,419,1.26963755278,1.25924298012
TYR,420,1.11076340339,1.21056102472
ARG,421,1.03203467922,1.09068645209
PRO,422,0.848966053763,1.03054403463
ASP,423,0.860084646036,1.00488250002
SER,424,1.19464901472,1.18255736239
PHE,425,1.19358983851,1.28617327354
PHE,426,1.34506051621,1.36926913343
GLY,427,1.15882347557,1.26627489818
LYS,428,0.970773930398,1.15555604465
TYR,429,1.20202966534,1.28712431135
GLU,430,1.36517261209,1.3978321285
LEU,431,1.1231698364,1.24680436092
PRO,432,0.989302138779,1.07701831996
ASN,433,1.02377902369,1.16767654288
LEU,434,1.20041226135,1.20926638221
THR,435,0.897753653492,1.02200904295
ASN,436,0.656901290781,0.870288234685
LYS,437,0.77554596893,0.968626407819
VAL,438,1.12055717039,1.18974615757
THR,439,0.837616713321,1.04904819568
ARG,440,0.922783353478,1.18273681332
VAL,441,1.18707184215,1.28811886106
LYS,442,1.06338069422,1.28853561579
VAL,443,1.25497842565,1.36130352422
ILE,444,1.28942044043,1.37950717361
VAL,445,1.25135135623,1.38503216642
LEU,446,1.30784120625,1.36748633762
HIS,447,1.11719205764,1.2229958223
ARG,448,1.11927982992,1.15163819425
LEU,449,1.14595374944,1.07295728418
GLY,450,0.826834021878,0.883830395318
GLU,451,0.868165308165,0.909191663495
LYS,452,0.616393813332,0.840624809906
ILE,453,0.901059528752,0.969401940177
ILE,454,0.871267986443,0.990228108275
GLU,455,1.05760332878,1.09073303675
LYS,456,0.799331239151,1.02361506551
CYS,457,1.11945848114,1.0484921062
GLY,458,0.835504658511,0.886882372835
ALA,459,0.774140796691,0.896836803732
GLY,460,0.829644782853,0.895558093014
SER,461,1.0632547557,1.0550271726
LEU,462,1.18164497198,1.18275284822
LEU,463,0.749664069027,1.0272681812
ASP,464,0.780053905987,0.984749780255
LEU,465,1.16776800925,1.15660613632
GLU,466,0.873140214208,1.09339608095
LYS,467,0.591066705439,0.928805393885
LEU,468,0.868343065997,1.00561827293
VAL,469,1.0543828752,1.12711021709
LYS,470,0.709862828972,0.970091415392
ALA,471,0.652262232011,0.826142023566
LYS,472,0.861273232033,0.911927277635
HIS,473,0.535408428459,0.854826194515
PHE,474,0.962875594597,1.04866927338
ALA,475,0.823800340441,0.974163760352
PHE,476,1.05068568942,1.07182912411
ASP,477,0.962156100704,1.03821214858
CYS,478,1.20397577671,1.15658106918
VAL,479,1.01859900181,1.12099909119
GLU,480,1.01153141879,1.18848478093
ASN,481,1.14065702027,1.23578802668
PRO,482,1.16770367314,1.16457773463
ARG,483,0.915421787112,1.17922194485
ALA,484,1.1743575058,1.31423763734
VAL,485,1.31491405903,1.38447072051
LEU,486,1.12721371525,1.34392778795
PHE,487,1.20765522292,1.42330715256
LEU,488,1.31154160112,1.44008732567
LEU,489,1.2342537419,1.34262094559
CYS,490,1.29357238799,1.35976578094
SER,491,1.28733614126,1.41603608514
ASP,492,1.16005192632,1.22270150557
ASN,493,0.959941302431,1.13468367924
PRO,494,1.05260038337,1.16313954659
ASN,495,0.756829893371,0.928430998004
ALA,496,1.03490607926,0.99841658628
ARG,497,0.657645243629,0.88029466215
GLU,498,0.958367486368,0.984274861059
CYS,499,1.18943386257,1.10481306226
ARG,500,0.632009286549,0.931504350942
LEU,501,0.875756337577,0.938779360898
ALA,502,0.648488288321,0.761710789307
